Matr1= [1.2 0.3 -0.2; 0.5 2.1 1.3; -0.9 0.7 5.6];
Vector= [1.3; 3.9; 5.4];
x2= Matr1\Vector;
 
